Mizar S.r.l.
2
4
12
30.00
19
5.00
TEK40-F28 OP
TEK40-E28W Fluor. OPALINO
1044Em
1044Em
19.4.1998 / Mizar S.r.l.
425
0
100
390
0
20
20
20
20
100.0
29.5
1.0
0.0
1
1
2D28W
2050
840
0
28.00
0.26686
0.34471
0.41273
0.48125
0.53519
0.62057
0.67874
0.72138
0.77620
0.81140
0.00
30.00
60.00
90.00
120.00
150.00
180.00
210.00
240.00
270.00
300.00
330.00
0.00
5.00
10.00
15.00
20.00
25.00
30.00
35.00
40.00
45.00
50.00
55.00
60.00
65.00
70.00
75.00
80.00
85.00
90.00
87.00
87.00
87.00
85.00
83.00
80.00
77.00
73.00
68.00
63.00
57.00
51.00
45.00
39.00
33.00
27.00
21.00
17.00
12.00
87.00
87.00
87.00
85.00
83.00
80.00
77.00
73.00
68.00
63.00
57.00
51.00
45.00
39.00
33.00
27.00
21.00
17.00
12.00
87.00
87.00
87.00
85.00
83.00
80.00
77.00
73.00
68.00
63.00
57.00
51.00
45.00
39.00
33.00
27.00
21.00
17.00
12.00
87.00
87.00
87.00
85.00
83.00
80.00
77.00
73.00
68.00
63.00
57.00
51.00
45.00
39.00
33.00
27.00
21.00
17.00
12.00
