Mizar S.r.l.
2
0
4
90.00
37
5.00
413211VS
PHANTOM-AM 70+250W monodiff
3901-Speciale
3901-Speciale-
7.-45.98 / Mizar S.r.l.
302
380
262
250
200
0
0
0
0
0.0
52.3
1.0
0.0
1
1
HQIT70WDL
5200
3000
0
70.00
0.00000
0.00000
0.00000
0.00000
0.00000
0.00000
0.00000
0.00000
0.00000
0.00000
0.0000
90.000
180.00
270.00
0.0000
5.0000
10.000
15.000
20.000
25.000
30.000
35.000
40.000
45.000
50.000
55.000
60.000
65.000
70.000
75.000
80.000
85.000
90.000
95.000
100.00
105.00
110.00
115.00
120.00
125.00
130.00
135.00
140.00
145.00
150.00
155.00
160.00
165.00
170.00
175.00
180.00
0.0000
0.0000
0.0000
0.0000
0.0000
0.0000
0.0000
0.0000
0.0000
0.0000
0.0000
0.0000
0.0000
0.0000
0.0000
0.0000
0.0000
0.0000
0.0000
9.0000
31.000
56.000
89.000
116.00
152.00
183.00
205.00
227.00
243.00
256.00
260.00
264.00
263.00
252.00
241.00
219.00
215.00
0.0000
0.0000
0.0000
0.0000
0.0000
0.0000
0.0000
0.0000
0.0000
0.0000
0.0000
0.0000
0.0000
0.0000
0.0000
0.0000
0.0000
0.0000
0.0000
4.0000
13.000
22.000
34.000
48.000
62.000
78.000
98.000
116.00
136.00
154.00
173.00
191.00
203.00
210.00
213.00
216.00
215.00
0.0000
0.0000
0.0000
0.0000
0.0000
0.0000
0.0000
0.0000
0.0000
0.0000
0.0000
0.0000
0.0000
0.0000
0.0000
0.0000
0.0000
0.0000
0.0000
2.0000
6.0000
9.0000
13.000
17.000
21.000
25.000
29.000
34.000
40.000
47.000
57.000
70.000
88.000
112.00
140.00
168.00
215.00
0.0000
0.0000
0.0000
0.0000
0.0000
0.0000
0.0000
0.0000
0.0000
0.0000
0.0000
0.0000
0.0000
0.0000
0.0000
0.0000
0.0000
0.0000
0.0000
4.0000
13.000
22.000
34.000
48.000
62.000
78.000
98.000
116.00
136.00
154.00
173.00
191.00
203.00
210.00
213.00
216.00
215.00
